# Hercules X-1 light curve
#  (0) Time (days) (1) Magnitude
5.355732421875000000e+04 1.333865928649902344e+01
5.355732812500000000e+04 1.333948898315429688e+01
5.355733593750000000e+04 1.334217739105224609e+01
5.355733984375000000e+04 1.332458782196044922e+01
5.356224609375000000e+04 1.351064872741699219e+01
5.356225390625000000e+04 1.349693965911865234e+01
5.356226171875000000e+04 1.350037860870361328e+01
5.356226562500000000e+04 1.347554302215576172e+01
5.352630859375000000e+04 1.370975971221923828e+01
5.352632031250000000e+04 1.368649959564208984e+01
5.352632812500000000e+04 1.367261695861816406e+01
5.352633984375000000e+04 1.366881275177001953e+01
5.353431640625000000e+04 1.404190254211425781e+01
5.353432812500000000e+04 1.407808780670166016e+01
5.353433593750000000e+04 1.408765125274658203e+01
5.353434375000000000e+04 1.410079002380371094e+01
5.354925390625000000e+04 1.314721107482910156e+01
5.354926171875000000e+04 1.314591884613037109e+01
5.354926562500000000e+04 1.312020683288574219e+01
5.354927343750000000e+04 1.313453006744384766e+01
5.368605859375000000e+04 1.374901485443115234e+01
5.368606250000000000e+04 1.374839019775390625e+01
5.368606640625000000e+04 1.374907493591308594e+01
5.368607031250000000e+04 1.375317287445068359e+01
5.364413281250000000e+04 1.329840373992919922e+01
5.364414062500000000e+04 1.329755401611328125e+01
5.364414843750000000e+04 1.332899665832519531e+01
5.364415234375000000e+04 1.331841564178466797e+01
5.365711718750000000e+04 1.423783397674560547e+01
5.365712109375000000e+04 1.421728801727294922e+01
5.365712890625000000e+04 1.449387073516845703e+01
5.365713671875000000e+04 1.415802860260009766e+01
5.367307812500000000e+04 1.311688041687011719e+01
5.367308203125000000e+04 1.312099456787109375e+01
5.367308593750000000e+04 1.310993576049804688e+01
5.367308984375000000e+04 1.312345314025878906e+01
5.362714843750000000e+04 1.327093696594238281e+01
5.362715625000000000e+04 1.327573680877685547e+01
5.362716406250000000e+04 1.329118919372558594e+01
5.362716796875000000e+04 1.326896286010742188e+01
5.385142968750000000e+04 1.316149997711181641e+01
5.385143750000000000e+04 1.313778686523437500e+01
5.385144531250000000e+04 1.315757083892822266e+01
5.385144921875000000e+04 1.315868473052978516e+01
5.390031640625000000e+04 1.395055007934570312e+01
5.390031640625000000e+04 1.394837379455566406e+01
5.390031640625000000e+04 1.393925476074218750e+01
5.390032031250000000e+04 1.393307304382324219e+01
5.379647265625000000e+04 1.441209983825683594e+01
5.379648046875000000e+04 1.440298938751220703e+01
5.379648437500000000e+04 1.439385414123535156e+01
5.379649218750000000e+04 1.437515354156494141e+01
5.386237890625000000e+04 1.350726222991943359e+01
5.386238671875000000e+04 1.351568889617919922e+01
5.386239453125000000e+04 1.354011440277099609e+01
5.386240234375000000e+04 1.355950355529785156e+01
5.388636328125000000e+04 1.409177970886230469e+01
5.388637109375000000e+04 1.409686279296875000e+01
5.388638281250000000e+04 1.411166286468505859e+01
5.388639062500000000e+04 1.412712764739990234e+01
5.399516015625000000e+04 1.376895427703857422e+01
5.399516796875000000e+04 1.378920078277587891e+01
5.399517968750000000e+04 1.380470561981201172e+01
5.399518750000000000e+04 1.385716629028320312e+01
5.400315625000000000e+04 1.323884487152099609e+01
5.400316406250000000e+04 1.322056198120117188e+01
5.400316796875000000e+04 1.320119476318359375e+01
5.400317578125000000e+04 1.319951343536376953e+01
5.415744921875000000e+04 1.311530971527099609e+01
5.415745703125000000e+04 1.311289024353027344e+01
5.415746875000000000e+04 1.307640266418457031e+01
5.415747656250000000e+04 1.305678176879882812e+01
5.429526171875000000e+04 1.297377204895019531e+01
5.429526562500000000e+04 1.296778488159179688e+01
5.429527343750000000e+04 1.293246936798095703e+01
5.429527734375000000e+04 1.302291488647460938e+01
5.425838671875000000e+04 1.356110954284667969e+01
5.425839453125000000e+04 1.356459522247314453e+01
5.425839843750000000e+04 1.356920623779296875e+01
5.425840625000000000e+04 1.357433795928955078e+01
5.427035937500000000e+04 1.361881256103515625e+01
5.427036718750000000e+04 1.364556312561035156e+01
5.427037500000000000e+04 1.365810298919677734e+01
5.427038281250000000e+04 1.368327140808105469e+01
5.417741796875000000e+04 1.393936538696289062e+01
5.417742578125000000e+04 1.392041301727294922e+01
5.417743750000000000e+04 1.389632320404052734e+01
5.417744531250000000e+04 1.388210010528564453e+01
5.423433593750000000e+04 1.333694267272949219e+01
5.423433984375000000e+04 1.335288524627685547e+01
5.423434375000000000e+04 1.332184791564941406e+01
5.423435156250000000e+04 1.335192489624023438e+01
5.440606250000000000e+04 1.339460563659667969e+01
5.440606640625000000e+04 1.325389480590820312e+01
5.440607031250000000e+04 1.323051452636718750e+01
5.440607421875000000e+04 1.323398017883300781e+01
5.438510546875000000e+04 1.356637477874755859e+01
5.438510937500000000e+04 1.357352256774902344e+01
5.438511328125000000e+04 1.355319976806640625e+01
5.438511718750000000e+04 1.355511093139648438e+01
5.434719921875000000e+04 1.438717269897460938e+01
5.434720703125000000e+04 1.439439105987548828e+01
5.434721484375000000e+04 1.442464447021484375e+01
5.434722265625000000e+04 1.444298458099365234e+01
5.435818359375000000e+04 1.335210990905761719e+01
5.435819140625000000e+04 1.335994720458984375e+01
5.435819531250000000e+04 1.334944057464599609e+01
5.435819921875000000e+04 1.335813331604003906e+01
5.455948828125000000e+04 1.378274536132812500e+01
5.455949218750000000e+04 1.380515193939208984e+01
5.455949609375000000e+04 1.381271362304687500e+01
5.455950000000000000e+04 1.382149410247802734e+01
5.456835546875000000e+04 1.433925437927246094e+01
5.456836328125000000e+04 1.429067707061767578e+01
5.456837500000000000e+04 1.423801040649414062e+01
5.456838281250000000e+04 1.416868782043457031e+01
5.458428515625000000e+04 1.333608722686767578e+01
5.458428906250000000e+04 1.335305213928222656e+01
5.458429687500000000e+04 1.335057258605957031e+01
5.458430468750000000e+04 1.336089706420898438e+01
5.452551171875000000e+04 1.398948192596435547e+01
5.452551953125000000e+04 1.400703716278076172e+01
5.452552343750000000e+04 1.401370143890380859e+01
5.452553125000000000e+04 1.402975654602050781e+01
5.462634765625000000e+04 1.376990509033203125e+01
5.462635156250000000e+04 1.375244712829589844e+01
5.462635937500000000e+04 1.375457191467285156e+01
5.462636718750000000e+04 1.373259544372558594e+01
5.464135937500000000e+04 1.443898582458496094e+01
5.464136328125000000e+04 1.445105171203613281e+01
5.464137109375000000e+04 1.443821907043457031e+01
5.464137500000000000e+04 1.444743347167968750e+01
5.453140234375000000e+04 1.339613342285156250e+01
5.453141015625000000e+04 1.340131187438964844e+01
5.453142187500000000e+04 1.338560581207275391e+01
5.453142968750000000e+04 1.336388111114501953e+01
5.454844140625000000e+04 1.324719810485839844e+01
5.454844921875000000e+04 1.326538944244384766e+01
5.454845703125000000e+04 1.328350543975830078e+01
5.454846093750000000e+04 1.327341461181640625e+01
5.459443359375000000e+04 1.326373100280761719e+01
5.459444140625000000e+04 1.331173801422119141e+01
5.459444921875000000e+04 1.328879737854003906e+01
5.459445703125000000e+04 1.327664375305175781e+01
5.460028125000000000e+04 1.386643123626708984e+01
5.460028515625000000e+04 1.388829898834228516e+01
5.460029296875000000e+04 1.390544509887695312e+01
5.460030078125000000e+04 1.392029285430908203e+01
5.474111718750000000e+04 1.318144130706787109e+01
5.474112109375000000e+04 1.319141483306884766e+01
5.474112500000000000e+04 1.320626068115234375e+01
5.474112890625000000e+04 1.318929576873779297e+01
5.474808203125000000e+04 1.353929901123046875e+01
5.474808984375000000e+04 1.356388378143310547e+01
5.474809765625000000e+04 1.354974460601806641e+01
5.474810546875000000e+04 1.359437465667724609e+01
5.494235156250000000e+04 1.442668342590332031e+01
5.494235546875000000e+04 1.443090534210205078e+01
5.494236328125000000e+04 1.441255474090576172e+01
5.494236718750000000e+04 1.441206455230712891e+01
5.489051953125000000e+04 1.321240043640136719e+01
5.489052343750000000e+04 1.319099235534667969e+01
5.489052734375000000e+04 1.319886302947998047e+01
5.489053125000000000e+04 1.323214244842529297e+01
5.485153906250000000e+04 1.323107624053955078e+01
5.485154296875000000e+04 1.322751235961914062e+01
5.485155078125000000e+04 1.323686504364013672e+01
5.485155468750000000e+04 1.324089813232421875e+01
5.503417578125000000e+04 1.439885997772216797e+01
5.503417968750000000e+04 1.439391994476318359e+01
5.503418359375000000e+04 1.437583827972412109e+01
5.503418750000000000e+04 1.438013172149658203e+01
5.504320312500000000e+04 1.323034381866455078e+01
5.504320703125000000e+04 1.320210361480712891e+01
5.504321484375000000e+04 1.318199253082275391e+01
5.504321875000000000e+04 1.320089530944824219e+01
5.499335546875000000e+04 1.440170288085937500e+01
5.499336328125000000e+04 1.439654922485351562e+01
5.499336718750000000e+04 1.439649677276611328e+01
5.499337109375000000e+04 1.439877891540527344e+01
5.491942578125000000e+04 1.303263092041015625e+01
5.491942968750000000e+04 1.307378292083740234e+01
5.492041796875000000e+04 1.372939872741699219e+01
5.492042578125000000e+04 1.373598003387451172e+01
5.492043359375000000e+04 1.373813629150390625e+01
5.492044531250000000e+04 1.376421260833740234e+01
5.495533203125000000e+04 1.330130672454833984e+01
5.495533593750000000e+04 1.329643917083740234e+01
5.495534375000000000e+04 1.327847290039062500e+01
5.495534765625000000e+04 1.328524398803710938e+01
5.496734375000000000e+04 1.346386528015136719e+01
5.496735156250000000e+04 1.345924472808837891e+01
5.496736328125000000e+04 1.350485897064208984e+01
5.496737109375000000e+04 1.352914237976074219e+01
5.497935546875000000e+04 1.350773239135742188e+01
5.497935937500000000e+04 1.351981258392333984e+01
5.497936718750000000e+04 1.354944515228271484e+01
5.497937500000000000e+04 1.356312847137451172e+01
5.508916796875000000e+04 1.310879993438720703e+01
5.508917578125000000e+04 1.343356513977050781e+01
5.508917968750000000e+04 1.334096717834472656e+01
5.509516796875000000e+04 1.400405216217041016e+01
5.509517187500000000e+04 1.402276706695556641e+01
5.509517968750000000e+04 1.402266407012939453e+01
5.509518359375000000e+04 1.404747772216796875e+01
5.510212890625000000e+04 1.443529510498046875e+01
5.510213281250000000e+04 1.444915103912353516e+01
5.510214062500000000e+04 1.445357894897460938e+01
5.510214453125000000e+04 1.445155143737792969e+01
5.529937500000000000e+04 1.445177268981933594e+01
5.529937890625000000e+04 1.443188858032226562e+01
5.529938671875000000e+04 1.442884445190429688e+01
5.529939453125000000e+04 1.441399765014648438e+01
5.535038281250000000e+04 1.443972587585449219e+01
5.535039062500000000e+04 1.441438484191894531e+01
5.535039453125000000e+04 1.442429828643798828e+01
5.535040234375000000e+04 1.440629005432128906e+01
5.536338671875000000e+04 1.306560897827148438e+01
5.536339062500000000e+04 1.306888771057128906e+01
5.536339843750000000e+04 1.311009883880615234e+01
5.536340234375000000e+04 1.311192893981933594e+01
5.536829687500000000e+04 1.308966445922851562e+01
5.536830468750000000e+04 1.308734798431396484e+01
5.536831250000000000e+04 1.308251953125000000e+01
5.536832031250000000e+04 1.309008312225341797e+01
5.527345703125000000e+04 1.352235603332519531e+01
5.527346093750000000e+04 1.352372741699218750e+01
5.527346875000000000e+04 1.356619167327880859e+01
5.527347265625000000e+04 1.356257438659667969e+01
5.528040625000000000e+04 1.402180099487304688e+01
5.528041015625000000e+04 1.402873134613037109e+01
5.528041796875000000e+04 1.405434703826904297e+01
5.528042578125000000e+04 1.406374740600585938e+01
5.533038671875000000e+04 1.339612483978271484e+01
5.533039062500000000e+04 1.339468097686767578e+01
5.533039843750000000e+04 1.337516975402832031e+01
5.533040234375000000e+04 1.335265636444091797e+01
5.534032421875000000e+04 1.380846500396728516e+01
5.534032812500000000e+04 1.380049324035644531e+01
5.534033203125000000e+04 1.377610874176025391e+01
5.534033984375000000e+04 1.374635410308837891e+01
5.550207812500000000e+04 1.365997791290283203e+01
5.550208203125000000e+04 1.363816642761230469e+01
5.550208593750000000e+04 1.364052963256835938e+01
5.547810156250000000e+04 1.388124465942382812e+01
5.547810937500000000e+04 1.387206554412841797e+01
5.547811328125000000e+04 1.385538864135742188e+01
5.545014453125000000e+04 1.332001209259033203e+01
5.545015625000000000e+04 1.332373046875000000e+01
5.545016015625000000e+04 1.334478473663330078e+01
5.567742578125000000e+04 1.316258144378662109e+01
5.567743750000000000e+04 1.317456722259521484e+01
5.567744531250000000e+04 1.317228412628173828e+01
5.567745312500000000e+04 1.315480422973632812e+01
5.571433984375000000e+04 1.422933006286621094e+01
5.571434765625000000e+04 1.415156269073486328e+01
5.571436328125000000e+04 1.409641075134277344e+01
5.571437109375000000e+04 1.411788082122802734e+01
5.572136328125000000e+04 1.351542377471923828e+01
5.572137109375000000e+04 1.351337623596191406e+01
5.572138281250000000e+04 1.350404739379882812e+01
5.572139062500000000e+04 1.349359893798828125e+01
5.564842187500000000e+04 1.341190624237060547e+01
5.564843359375000000e+04 1.342247390747070312e+01
5.564844140625000000e+04 1.343124389648437500e+01
5.564844921875000000e+04 1.342611312866210938e+01
5.568939843750000000e+04 1.317779541015625000e+01
5.568940625000000000e+04 1.316268062591552734e+01
5.568941406250000000e+04 1.316721153259277344e+01
5.568941796875000000e+04 1.315956974029541016e+01
5.582212109375000000e+04 1.334465408325195312e+01
5.582212890625000000e+04 1.333897399902343750e+01
5.582213671875000000e+04 1.332059860229492188e+01
5.582214453125000000e+04 1.329473400115966797e+01
5.586407812500000000e+04 1.373473834991455078e+01
5.586408593750000000e+04 1.374722671508789062e+01
5.586408984375000000e+04 1.375500011444091797e+01
5.586409375000000000e+04 1.376346492767333984e+01
5.585308593750000000e+04 1.323350811004638672e+01
5.585308984375000000e+04 1.323246955871582031e+01
5.585309375000000000e+04 1.326159763336181641e+01
5.585310156250000000e+04 1.327405166625976562e+01
5.600842968750000000e+04 1.431920433044433594e+01
5.600843750000000000e+04 1.429773139953613281e+01
5.600844531250000000e+04 1.428050231933593750e+01
5.600845312500000000e+04 1.424876213073730469e+01
5.601937890625000000e+04 1.341948032379150391e+01
5.601939062500000000e+04 1.339918041229248047e+01
5.601940234375000000e+04 1.336403846740722656e+01
5.601941406250000000e+04 1.338638591766357422e+01
5.604143359375000000e+04 1.312723445892333984e+01
5.604144140625000000e+04 1.312843894958496094e+01
5.604144531250000000e+04 1.310703468322753906e+01
5.604144921875000000e+04 1.309181880950927734e+01
5.604730468750000000e+04 1.431120967864990234e+01
5.604730859375000000e+04 1.431998825073242188e+01
5.604731640625000000e+04 1.432015323638916016e+01
5.604732031250000000e+04 1.432448291778564453e+01
5.606340625000000000e+04 1.332051944732666016e+01
5.606341406250000000e+04 1.332376480102539062e+01
5.606341796875000000e+04 1.333095932006835938e+01
5.606342578125000000e+04 1.332433605194091797e+01
5.607039453125000000e+04 1.316585731506347656e+01
5.607040234375000000e+04 1.314324855804443359e+01
5.607041015625000000e+04 1.313175868988037109e+01
5.607041796875000000e+04 1.311830234527587891e+01
5.607731250000000000e+04 1.314070415496826172e+01
5.607732031250000000e+04 1.314209842681884766e+01
5.607732421875000000e+04 1.314585685729980469e+01
5.607733203125000000e+04 1.314559078216552734e+01
5.608837890625000000e+04 1.380345153808593750e+01
5.608838281250000000e+04 1.375643825531005859e+01
5.608839062500000000e+04 1.375160598754882812e+01
5.608839453125000000e+04 1.372864055633544922e+01
5.609928515625000000e+04 1.314801692962646484e+01
5.609929296875000000e+04 1.314343357086181641e+01
5.609930078125000000e+04 1.313559532165527344e+01
5.609930468750000000e+04 1.313319873809814453e+01
5.618719921875000000e+04 1.351511859893798828e+01
5.618720312500000000e+04 1.348391628265380859e+01
5.618720703125000000e+04 1.346920108795166016e+01
5.618721484375000000e+04 1.348609733581542969e+01
5.619313281250000000e+04 1.340396118164062500e+01
5.619313281250000000e+04 1.342413234710693359e+01
5.619313671875000000e+04 1.342306041717529297e+01
5.619314062500000000e+04 1.343412971496582031e+01
5.621112109375000000e+04 1.348451519012451172e+01
5.621112890625000000e+04 1.349087333679199219e+01
5.621113671875000000e+04 1.349693202972412109e+01
5.621114453125000000e+04 1.348433494567871094e+01
5.622207421875000000e+04 1.351152324676513672e+01
5.622207812500000000e+04 1.352040481567382812e+01
5.622208593750000000e+04 1.352133464813232422e+01
5.622208984375000000e+04 1.351679515838623047e+01
5.637549609375000000e+04 1.437331676483154297e+01
5.637550000000000000e+04 1.438826179504394531e+01
5.637550781250000000e+04 1.440666675567626953e+01
5.637551562500000000e+04 1.442361927032470703e+01
5.639637500000000000e+04 1.332102489471435547e+01
5.639637890625000000e+04 1.332394504547119141e+01
5.639638281250000000e+04 1.329289913177490234e+01
5.639638671875000000e+04 1.328287982940673828e+01
5.641743750000000000e+04 1.307950210571289062e+01
5.641744531250000000e+04 1.309297752380371094e+01
5.641744921875000000e+04 1.311644744873046875e+01
5.641745703125000000e+04 1.312376022338867188e+01
5.643043359375000000e+04 1.323877620697021484e+01
5.643043750000000000e+04 1.323259162902832031e+01
5.643044140625000000e+04 1.322797107696533203e+01
5.643044140625000000e+04 1.320950794219970703e+01
5.644341406250000000e+04 1.389776611328125000e+01
5.644341796875000000e+04 1.391952514648437500e+01
5.644342578125000000e+04 1.394852733612060547e+01
5.644342968750000000e+04 1.396237468719482422e+01
5.645133203125000000e+04 1.309615802764892578e+01
5.645133984375000000e+04 1.310527610778808594e+01
5.645134765625000000e+04 1.310260868072509766e+01
5.645135156250000000e+04 1.309000015258789062e+01
5.646132421875000000e+04 1.307437992095947266e+01
5.646133203125000000e+04 1.305691814422607422e+01
5.646133593750000000e+04 1.308286476135253906e+01
5.646133984375000000e+04 1.308355998992919922e+01
5.647037890625000000e+04 1.363437080383300781e+01
5.647038671875000000e+04 1.365192222595214844e+01
5.647039453125000000e+04 1.368822860717773438e+01
5.647040234375000000e+04 1.367998981475830078e+01
5.657412500000000000e+04 1.364267158508300781e+01
5.657412890625000000e+04 1.365493011474609375e+01
5.657413671875000000e+04 1.367540168762207031e+01
5.657414062500000000e+04 1.367567539215087891e+01
5.658008593750000000e+04 1.343513488769531250e+01
5.658008984375000000e+04 1.344559383392333984e+01
5.658009765625000000e+04 1.342858028411865234e+01
5.658010546875000000e+04 1.340598487854003906e+01
5.658808203125000000e+04 1.445192813873291016e+01
5.658808984375000000e+04 1.445324802398681641e+01
5.658809765625000000e+04 1.443641185760498047e+01
5.658810156250000000e+04 1.444801139831542969e+01
